EM4.mrc
['A', 'B']
{(1, 1): 6, (1, 2): 8, (2, 1): 10, (1, 3): 10, (3, 1): 14, (1, 4): 12, (4, 1): 18, (1, 5): 14, (5, 1): 22, (1, 6): 16, (1, 7): 18, (1, 8): 20, (1, 9): 22, (2, 2): 12, (2, 3): 14, (3, 2): 16, (2, 4): 16, (4, 2): 20, (2, 5): 18, (5, 2): 24, (2, 6): 20, (2, 7): 22, (2, 8): 24, (3, 3): 18, (3, 4): 20, (4, 3): 22, (3, 5): 22, (3, 6): 24, (4, 4): 24}
['C', 'D']
{(1, 1): 12, (1, 2): 17, (2, 1): 19, (1, 3): 22, (2, 2): 24}
['E', 'F', 'G']
{(1, 1, 1): 12, (1, 1, 2): 20, (1, 2, 1): 13, (2, 1, 1): 15, (1, 3, 1): 14, (3, 1, 1): 18, (1, 4, 1): 15, (4, 1, 1): 21, (1, 5, 1): 16, (5, 1, 1): 24, (1, 6, 1): 17, (1, 7, 1): 18, (1, 8, 1): 19, (1, 2, 2): 21, (2, 1, 2): 23, (2, 2, 1): 16, (1, 3, 2): 22, (2, 3, 1): 17, (3, 2, 1): 19, (1, 4, 2): 23, (2, 4, 1): 18, (4, 2, 1): 22, (1, 5, 2): 24, (2, 5, 1): 19, (5, 2, 1): 25, (1, 6, 2): 25, (2, 6, 1): 20, (2, 7, 1): 21, (2, 8, 1): 22, (3, 3, 1): 20, (3, 4, 1): 21, (4, 3, 1): 23, (3, 5, 1): 22, (3, 6, 1): 23, (3, 7, 1): 24, (3, 8, 1): 25, (4, 4, 1): 24, (4, 5, 1): 25, (2, 2, 2): 24, (2, 3, 2): 25}
['H', 'I', 'J', 'K', 'L']
{(1, 1, 1, 1, 1): 16.0, (1, 1, 1, 1, 2): 20.5, (1, 1, 1, 2, 1): 19.5, (1, 1, 2, 1, 1): 22.0, (1, 2, 1, 1, 1): 17.5, (2, 1, 1, 1, 1): 16.5, (1, 1, 1, 1, 3): 25.0, (1, 1, 1, 3, 1): 23.0, (1, 3, 1, 1, 1): 19.0, (3, 1, 1, 1, 1): 17.0, (1, 4, 1, 1, 1): 20.5, (4, 1, 1, 1, 1): 17.5, (1, 5, 1, 1, 1): 22.0, (5, 1, 1, 1, 1): 18.0, (1, 6, 1, 1, 1): 23.5, (6, 1, 1, 1, 1): 18.5, (1, 1, 1, 2, 2): 24.0, (1, 2, 1, 1, 2): 22.0, (1, 2, 1, 2, 1): 21.0, (1, 2, 2, 1, 1): 23.5, (2, 1, 1, 1, 2): 21.0, (2, 1, 1, 2, 1): 20.0, (2, 1, 2, 1, 1): 22.5, (2, 2, 1, 1, 1): 18.0, (1, 2, 1, 3, 1): 24.5, (1, 3, 1, 1, 2): 23.5, (1, 3, 1, 2, 1): 22.5, (1, 3, 2, 1, 1): 25.0, (2, 1, 1, 3, 1): 23.5, (2, 3, 1, 1, 1): 19.5, (3, 1, 1, 1, 2): 21.5, (3, 1, 1, 2, 1): 20.5, (3, 1, 2, 1, 1): 23.0, (3, 2, 1, 1, 1): 18.5, (1, 4, 1, 1, 2): 25.0, (1, 4, 1, 2, 1): 24.0, (2, 4, 1, 1, 1): 21.0, (4, 1, 1, 1, 2): 22.0, (4, 1, 1, 2, 1): 21.0, (4, 1, 2, 1, 1): 23.5, (4, 2, 1, 1, 1): 19.0, (2, 5, 1, 1, 1): 22.5, (5, 1, 1, 1, 2): 22.5, (5, 1, 1, 2, 1): 21.5, (5, 1, 2, 1, 1): 24.0, (5, 2, 1, 1, 1): 19.5, (2, 6, 1, 1, 1): 24.0, (6, 1, 1, 1, 2): 23.0, (6, 1, 1, 2, 1): 22.0, (6, 1, 2, 1, 1): 24.5, (6, 2, 1, 1, 1): 20.0, (3, 1, 1, 3, 1): 24.0, (3, 3, 1, 1, 1): 20.0, (3, 4, 1, 1, 1): 21.5, (4, 1, 1, 3, 1): 24.5, (4, 3, 1, 1, 1): 20.5, (3, 5, 1, 1, 1): 23.0, (5, 1, 1, 3, 1): 25.0, (5, 3, 1, 1, 1): 21.0, (3, 6, 1, 1, 1): 24.5, (6, 3, 1, 1, 1): 21.5, (4, 4, 1, 1, 1): 22.0, (4, 5, 1, 1, 1): 23.5, (5, 4, 1, 1, 1): 22.5, (4, 6, 1, 1, 1): 25.0, (6, 4, 1, 1, 1): 23.0, (5, 5, 1, 1, 1): 24.0, (6, 5, 1, 1, 1): 24.5, (2, 1, 1, 2, 2): 24.5, (2, 2, 1, 1, 2): 22.5, (2, 2, 1, 2, 1): 21.5, (2, 2, 2, 1, 1): 24.0, (2, 2, 1, 3, 1): 25.0, (2, 3, 1, 1, 2): 24.0, (2, 3, 1, 2, 1): 23.0, (3, 1, 1, 2, 2): 25.0, (3, 2, 1, 1, 2): 23.0, (3, 2, 1, 2, 1): 22.0, (3, 2, 2, 1, 1): 24.5, (2, 4, 1, 2, 1): 24.5, (4, 2, 1, 1, 2): 23.5, (4, 2, 1, 2, 1): 22.5, (4, 2, 2, 1, 1): 25.0, (5, 2, 1, 1, 2): 24.0, (5, 2, 1, 2, 1): 23.0, (6, 2, 1, 1, 2): 24.5, (6, 2, 1, 2, 1): 23.5, (3, 3, 1, 1, 2): 24.5, (3, 3, 1, 2, 1): 23.5, (3, 4, 1, 2, 1): 25.0, (4, 3, 1, 1, 2): 25.0, (4, 3, 1, 2, 1): 24.0, (5, 3, 1, 2, 1): 24.5, (6, 3, 1, 2, 1): 25.0}

EM1.mrc
['A', 'B']
{'(1, 1)': 6, '(1, 2)': 8, '(2, 1)': 10, '(1, 3)': 10}
['C', 'D']
{}
['E', 'F', 'G']
{}
['H', 'I', 'J', 'K', 'L']
{}

EM2.mrc
['A', 'B']
{'(1, 1)': 6, '(1, 2)': 8, '(2, 1)': 10, '(1, 3)': 10, '(1, 4)': 12, '(2, 2)': 12}
['C', 'D']
{'(1, 1)': 12}
['E', 'F', 'G']
{'(1, 1, 1)': 12}
['H', 'I', 'J', 'K', 'L']
{}

EM3.mrc
['A', 'B']
{'(1, 1)': 6, '(1, 2)': 8, '(2, 1)': 10, '(1, 3)': 10, '(3, 1)': 14, '(1, 4)': 12, '(1, 5)': 14, '(1, 6)': 16, '(2, 2)': 12, '(2, 3)': 14, '(3, 2)': 16, '(2, 4)': 16}
['C', 'D']
{'(1, 1)': 12, '(1, 2)': 17}
['E', 'F', 'G']
{'(1, 1, 1)': 12, '(1, 2, 1)': 13, '(2, 1, 1)': 15, '(1, 3, 1)': 14, '(1, 4, 1)': 15, '(1, 5, 1)': 16, '(1, 6, 1)': 17, '(2, 2, 1)': 16, '(2, 3, 1)': 17}
['H', 'I', 'J', 'K', 'L']
{'(1, 1, 1, 1, 1)': 16.0, '(2, 1, 1, 1, 1)': 16.5, '(3, 1, 1, 1, 1)': 17.0}
end